# 18.11.2020
# 
# unfiltered x-ray spectrum
# measured at: PTB, Braunschweig
# anode: molybdenum
# tube voltage: 45 kV
# anode angle: 26°
# inherent filtration: 1 mm Be
# measured in air at 100 cm distance from the focus
# bin width: 0.25 keV
# 
# energy 	 fluence
# (top of bin) 	 (normalised to total fluence and bin width)
# [keV] 	 [photons keV^-1 cm^-2]
2.500e-01 	 0.00000e+00
5.000e-01 	 0.00000e+00
7.500e-01 	 0.00000e+00
1.000e+00 	 0.00000e+00
1.250e+00 	 0.00000e+00
1.500e+00 	 0.00000e+00
1.750e+00 	 0.00000e+00
2.000e+00 	 0.00000e+00
2.250e+00 	 0.00000e+00
2.500e+00 	 0.00000e+00
2.750e+00 	 0.00000e+00
3.000e+00 	 0.00000e+00
3.250e+00 	 0.00000e+00
3.500e+00 	 0.00000e+00
3.750e+00 	 0.00000e+00
4.000e+00 	 0.00000e+00
4.250e+00 	 0.00000e+00
4.500e+00 	 0.00000e+00
4.750e+00 	 1.30599e-02
5.000e+00 	 5.55273e-02
5.250e+00 	 8.85876e-02
5.500e+00 	 1.58082e-01
5.750e+00 	 2.63349e-01
6.000e+00 	 3.44383e-01
6.250e+00 	 7.13661e-01
6.500e+00 	 1.37552e+00
6.750e+00 	 1.06891e+00
7.000e+00 	 1.01842e+00
7.250e+00 	 2.28669e+00
7.500e+00 	 4.01408e+00
7.750e+00 	 0.00000e+00
8.000e+00 	 8.80708e-01
8.250e+00 	 2.52041e+00
8.500e+00 	 2.40598e+00
8.750e+00 	 2.75770e+00
9.000e+00 	 2.83054e+00
9.250e+00 	 2.96267e+00
9.500e+00 	 3.45081e+00
9.750e+00 	 3.60112e+00
1.000e+01 	 3.17010e+00
1.025e+01 	 3.45263e+00
1.050e+01 	 3.59912e+00
1.075e+01 	 3.66736e+00
1.100e+01 	 3.77011e+00
1.125e+01 	 4.22356e+00
1.150e+01 	 4.09769e+00
1.175e+01 	 4.07517e+00
1.200e+01 	 4.04034e+00
1.225e+01 	 3.95938e+00
1.250e+01 	 3.96936e+00
1.275e+01 	 4.03500e+00
1.300e+01 	 3.88441e+00
1.325e+01 	 3.90920e+00
1.350e+01 	 3.86182e+00
1.375e+01 	 3.85681e+00
1.400e+01 	 3.75648e+00
1.425e+01 	 3.77643e+00
1.450e+01 	 3.64157e+00
1.475e+01 	 3.70334e+00
1.500e+01 	 3.57923e+00
1.525e+01 	 3.60554e+00
1.550e+01 	 3.52649e+00
1.575e+01 	 3.54970e+00
1.600e+01 	 3.45834e+00
1.625e+01 	 3.55436e+00
1.650e+01 	 3.12612e+00
1.675e+01 	 4.69503e+00
1.700e+01 	 1.23311e+00
1.725e+01 	 4.04073e+01
1.750e+01 	 6.83609e+01
1.775e+01 	 1.05994e+01
1.800e+01 	 2.25336e+00
1.825e+01 	 3.25323e+00
1.850e+01 	 2.82162e+00
1.875e+01 	 2.81484e+00
1.900e+01 	 3.08615e+00
1.925e+01 	 2.92805e+00
1.950e+01 	 1.39538e+01
1.975e+01 	 1.16688e+01
2.000e+01 	 3.74655e+00
2.025e+01 	 2.57659e+00
2.050e+01 	 1.92934e+00
2.075e+01 	 2.06874e+00
2.100e+01 	 1.98769e+00
2.125e+01 	 1.98211e+00
2.150e+01 	 1.92701e+00
2.175e+01 	 1.97929e+00
2.200e+01 	 1.94866e+00
2.225e+01 	 1.95595e+00
2.250e+01 	 1.85845e+00
2.275e+01 	 1.81364e+00
2.300e+01 	 1.75870e+00
2.325e+01 	 1.80011e+00
2.350e+01 	 1.71119e+00
2.375e+01 	 1.74267e+00
2.400e+01 	 1.68708e+00
2.425e+01 	 1.67141e+00
2.450e+01 	 1.62398e+00
2.475e+01 	 1.61566e+00
2.500e+01 	 1.60911e+00
2.525e+01 	 1.53997e+00
2.550e+01 	 1.56395e+00
2.575e+01 	 1.45790e+00
2.600e+01 	 1.48230e+00
2.625e+01 	 1.45445e+00
2.650e+01 	 1.40374e+00
2.675e+01 	 1.42133e+00
2.700e+01 	 1.36469e+00
2.725e+01 	 1.36869e+00
2.750e+01 	 1.31942e+00
2.775e+01 	 1.28133e+00
2.800e+01 	 1.28079e+00
2.825e+01 	 1.26732e+00
2.850e+01 	 1.20161e+00
2.875e+01 	 1.20790e+00
2.900e+01 	 1.18529e+00
2.925e+01 	 1.11684e+00
2.950e+01 	 1.16810e+00
2.975e+01 	 1.07012e+00
3.000e+01 	 1.13004e+00
3.025e+01 	 1.03755e+00
3.050e+01 	 1.04049e+00
3.075e+01 	 1.04654e+00
3.100e+01 	 9.71226e-01
3.125e+01 	 1.00411e+00
3.150e+01 	 9.48512e-01
3.175e+01 	 9.60527e-01
3.200e+01 	 8.97394e-01
3.225e+01 	 9.24571e-01
3.250e+01 	 8.48442e-01
3.275e+01 	 8.69563e-01
3.300e+01 	 8.30867e-01
3.325e+01 	 8.13001e-01
3.350e+01 	 7.91336e-01
3.375e+01 	 7.83638e-01
3.400e+01 	 7.31930e-01
3.425e+01 	 7.61336e-01
3.450e+01 	 7.19064e-01
3.475e+01 	 7.25421e-01
3.500e+01 	 6.78822e-01
3.525e+01 	 6.59774e-01
3.550e+01 	 6.29481e-01
3.575e+01 	 6.44759e-01
3.600e+01 	 6.10886e-01
3.625e+01 	 5.95578e-01
3.650e+01 	 5.85609e-01
3.675e+01 	 5.47510e-01
3.700e+01 	 5.53363e-01
3.725e+01 	 5.13620e-01
3.750e+01 	 5.32320e-01
3.775e+01 	 4.56434e-01
3.800e+01 	 4.94466e-01
3.825e+01 	 4.49064e-01
3.850e+01 	 4.48995e-01
3.875e+01 	 4.39184e-01
3.900e+01 	 3.93371e-01
3.925e+01 	 4.12791e-01
3.950e+01 	 3.60603e-01
3.975e+01 	 3.73260e-01
4.000e+01 	 3.34703e-01
4.025e+01 	 3.47349e-01
4.050e+01 	 3.10894e-01
4.075e+01 	 3.01045e-01
4.100e+01 	 2.70395e-01
4.125e+01 	 2.75794e-01
4.150e+01 	 2.49175e-01
4.175e+01 	 2.22067e-01
4.200e+01 	 2.34246e-01
4.225e+01 	 2.02054e-01
4.250e+01 	 1.79768e-01
4.275e+01 	 1.70829e-01
4.300e+01 	 1.56141e-01
4.325e+01 	 1.40450e-01
4.350e+01 	 1.26925e-01
4.375e+01 	 1.05185e-01
4.400e+01 	 9.01650e-02
4.425e+01 	 6.98595e-02
4.450e+01 	 5.10359e-02
4.475e+01 	 3.93021e-02
4.500e+01 	 1.26422e-02
4.525e+01 	 2.22070e-03
4.550e+01 	 1.47430e-03
4.575e+01 	 1.46544e-03
4.600e+01 	 1.04716e-03
4.625e+01 	 1.15868e-03
4.650e+01 	 2.07500e-03
4.675e+01 	 0.00000e+00
