# 18.11.2020
# 
# unfiltered x-ray spectrum
# measured at: PTB, Braunschweig
# anode: molybdenum
# tube voltage: 47 kV
# anode angle: 26°
# inherent filtration: 1 mm Be
# measured in air at 100 cm distance from the focus
# bin width: 0.25 keV
# 
# energy 	 fluence
# (top of bin) 	 (normalised to total fluence and bin width)
# [keV] 	 [photons keV^-1 cm^-2]
2.500e-01 	 0.00000e+00
5.000e-01 	 0.00000e+00
7.500e-01 	 0.00000e+00
1.000e+00 	 0.00000e+00
1.250e+00 	 0.00000e+00
1.500e+00 	 0.00000e+00
1.750e+00 	 0.00000e+00
2.000e+00 	 0.00000e+00
2.250e+00 	 0.00000e+00
2.500e+00 	 0.00000e+00
2.750e+00 	 0.00000e+00
3.000e+00 	 0.00000e+00
3.250e+00 	 0.00000e+00
3.500e+00 	 0.00000e+00
3.750e+00 	 0.00000e+00
4.000e+00 	 0.00000e+00
4.250e+00 	 0.00000e+00
4.500e+00 	 0.00000e+00
4.750e+00 	 3.73485e-03
5.000e+00 	 4.23509e-02
5.250e+00 	 8.66494e-02
5.500e+00 	 1.35451e-01
5.750e+00 	 2.36553e-01
6.000e+00 	 3.07736e-01
6.250e+00 	 6.60786e-01
6.500e+00 	 1.31549e+00
6.750e+00 	 1.03331e+00
7.000e+00 	 8.71505e-01
7.250e+00 	 2.31919e+00
7.500e+00 	 3.90068e+00
7.750e+00 	 0.00000e+00
8.000e+00 	 6.64133e-01
8.250e+00 	 2.45202e+00
8.500e+00 	 2.20384e+00
8.750e+00 	 2.66148e+00
9.000e+00 	 2.69986e+00
9.250e+00 	 2.81259e+00
9.500e+00 	 3.34551e+00
9.750e+00 	 3.37574e+00
1.000e+01 	 3.01668e+00
1.025e+01 	 3.31941e+00
1.050e+01 	 3.36983e+00
1.075e+01 	 3.58225e+00
1.100e+01 	 3.51396e+00
1.125e+01 	 4.05222e+00
1.150e+01 	 3.93058e+00
1.175e+01 	 3.91050e+00
1.200e+01 	 3.89875e+00
1.225e+01 	 3.79117e+00
1.250e+01 	 3.87493e+00
1.275e+01 	 3.90220e+00
1.300e+01 	 3.72483e+00
1.325e+01 	 3.76209e+00
1.350e+01 	 3.72653e+00
1.375e+01 	 3.67690e+00
1.400e+01 	 3.64458e+00
1.425e+01 	 3.61173e+00
1.450e+01 	 3.55083e+00
1.475e+01 	 3.54738e+00
1.500e+01 	 3.49256e+00
1.525e+01 	 3.43005e+00
1.550e+01 	 3.46747e+00
1.575e+01 	 3.41697e+00
1.600e+01 	 3.36324e+00
1.625e+01 	 3.49470e+00
1.650e+01 	 2.99045e+00
1.675e+01 	 4.61194e+00
1.700e+01 	 1.16717e+00
1.725e+01 	 4.14901e+01
1.750e+01 	 6.99983e+01
1.775e+01 	 1.05405e+01
1.800e+01 	 2.19440e+00
1.825e+01 	 3.13609e+00
1.850e+01 	 2.76030e+00
1.875e+01 	 2.75823e+00
1.900e+01 	 3.01924e+00
1.925e+01 	 2.81396e+00
1.950e+01 	 1.42498e+01
1.975e+01 	 1.19311e+01
2.000e+01 	 3.73453e+00
2.025e+01 	 2.54409e+00
2.050e+01 	 1.82397e+00
2.075e+01 	 2.00615e+00
2.100e+01 	 1.92224e+00
2.125e+01 	 1.94953e+00
2.150e+01 	 1.88033e+00
2.175e+01 	 1.88138e+00
2.200e+01 	 1.93445e+00
2.225e+01 	 1.89184e+00
2.250e+01 	 1.81995e+00
2.275e+01 	 1.78767e+00
2.300e+01 	 1.77337e+00
2.325e+01 	 1.72926e+00
2.350e+01 	 1.73065e+00
2.375e+01 	 1.65828e+00
2.400e+01 	 1.68461e+00
2.425e+01 	 1.59533e+00
2.450e+01 	 1.64136e+00
2.475e+01 	 1.54744e+00
2.500e+01 	 1.61522e+00
2.525e+01 	 1.51121e+00
2.550e+01 	 1.53558e+00
2.575e+01 	 1.47245e+00
2.600e+01 	 1.44718e+00
2.625e+01 	 1.45737e+00
2.650e+01 	 1.38517e+00
2.675e+01 	 1.39687e+00
2.700e+01 	 1.35323e+00
2.725e+01 	 1.32264e+00
2.750e+01 	 1.33483e+00
2.775e+01 	 1.30501e+00
2.800e+01 	 1.27124e+00
2.825e+01 	 1.23628e+00
2.850e+01 	 1.24745e+00
2.875e+01 	 1.17773e+00
2.900e+01 	 1.19324e+00
2.925e+01 	 1.14147e+00
2.950e+01 	 1.14527e+00
2.975e+01 	 1.12920e+00
3.000e+01 	 1.08371e+00
3.025e+01 	 1.08240e+00
3.050e+01 	 1.04364e+00
3.075e+01 	 1.03936e+00
3.100e+01 	 1.00923e+00
3.125e+01 	 1.02742e+00
3.150e+01 	 9.66560e-01
3.175e+01 	 9.77832e-01
3.200e+01 	 9.01034e-01
3.225e+01 	 9.44676e-01
3.250e+01 	 8.66485e-01
3.275e+01 	 9.15588e-01
3.300e+01 	 8.46479e-01
3.325e+01 	 8.41777e-01
3.350e+01 	 8.26127e-01
3.375e+01 	 8.06352e-01
3.400e+01 	 7.94341e-01
3.425e+01 	 7.44843e-01
3.450e+01 	 7.73878e-01
3.475e+01 	 7.37681e-01
3.500e+01 	 7.12096e-01
3.525e+01 	 7.24615e-01
3.550e+01 	 6.53796e-01
3.575e+01 	 6.82246e-01
3.600e+01 	 6.50328e-01
3.625e+01 	 6.43610e-01
3.650e+01 	 6.18412e-01
3.675e+01 	 5.97247e-01
3.700e+01 	 5.87904e-01
3.725e+01 	 5.84405e-01
3.750e+01 	 5.59100e-01
3.775e+01 	 5.43544e-01
3.800e+01 	 5.23663e-01
3.825e+01 	 5.29101e-01
3.850e+01 	 5.13399e-01
3.875e+01 	 4.74047e-01
3.900e+01 	 4.65115e-01
3.925e+01 	 4.74429e-01
3.950e+01 	 4.16096e-01
3.975e+01 	 4.51786e-01
4.000e+01 	 3.99024e-01
4.025e+01 	 4.09805e-01
4.050e+01 	 3.69844e-01
4.075e+01 	 3.68905e-01
4.100e+01 	 3.67230e-01
4.125e+01 	 3.27983e-01
4.150e+01 	 3.28020e-01
4.175e+01 	 3.13926e-01
4.200e+01 	 2.99507e-01
4.225e+01 	 2.97320e-01
4.250e+01 	 2.51445e-01
4.275e+01 	 2.84650e-01
4.300e+01 	 2.23339e-01
4.325e+01 	 2.51597e-01
4.350e+01 	 2.07651e-01
4.375e+01 	 2.16154e-01
4.400e+01 	 1.75235e-01
4.425e+01 	 1.84410e-01
4.450e+01 	 1.63128e-01
4.475e+01 	 1.52915e-01
4.500e+01 	 1.30412e-01
4.525e+01 	 1.30316e-01
4.550e+01 	 1.05797e-01
4.575e+01 	 9.37793e-02
4.600e+01 	 7.73985e-02
4.625e+01 	 6.09025e-02
4.650e+01 	 5.09077e-02
4.675e+01 	 2.70314e-02
4.700e+01 	 1.08927e-02
4.725e+01 	 2.98945e-03
4.750e+01 	 7.71700e-04
4.775e+01 	 2.02988e-03
4.800e+01 	 3.02550e-04
4.825e+01 	 1.61041e-03
4.850e+01 	 9.13150e-04
