# 18.11.2020
# 
# unfiltered x-ray spectrum
# measured at: PTB, Braunschweig
# anode: molybdenum
# tube voltage: 43 kV
# anode angle: 26°
# inherent filtration: 1 mm Be
# measured in air at 100 cm distance from the focus
# bin width: 0.25 keV
# 
# energy 	 fluence
# (top of bin) 	 (normalised to total fluence and bin width)
# [keV] 	 [photons keV^-1 cm^-2]
2.500e-01 	 0.00000e+00
5.000e-01 	 0.00000e+00
7.500e-01 	 0.00000e+00
1.000e+00 	 0.00000e+00
1.250e+00 	 0.00000e+00
1.500e+00 	 0.00000e+00
1.750e+00 	 0.00000e+00
2.000e+00 	 0.00000e+00
2.250e+00 	 0.00000e+00
2.500e+00 	 0.00000e+00
2.750e+00 	 0.00000e+00
3.000e+00 	 0.00000e+00
3.250e+00 	 0.00000e+00
3.500e+00 	 0.00000e+00
3.750e+00 	 0.00000e+00
4.000e+00 	 0.00000e+00
4.250e+00 	 9.09495e-06
4.500e+00 	 7.17953e-04
4.750e+00 	 1.50494e-02
5.000e+00 	 4.26311e-02
5.250e+00 	 1.11090e-01
5.500e+00 	 1.84765e-01
5.750e+00 	 2.68684e-01
6.000e+00 	 4.05165e-01
6.250e+00 	 7.40319e-01
6.500e+00 	 1.37518e+00
6.750e+00 	 1.12589e+00
7.000e+00 	 1.12904e+00
7.250e+00 	 2.32394e+00
7.500e+00 	 4.16201e+00
7.750e+00 	 3.79541e-04
8.000e+00 	 1.18535e+00
8.250e+00 	 2.62151e+00
8.500e+00 	 2.52825e+00
8.750e+00 	 2.90670e+00
9.000e+00 	 3.06205e+00
9.250e+00 	 3.15866e+00
9.500e+00 	 3.61152e+00
9.750e+00 	 3.73368e+00
1.000e+01 	 3.41628e+00
1.025e+01 	 3.61342e+00
1.050e+01 	 3.77266e+00
1.075e+01 	 3.92111e+00
1.100e+01 	 3.89791e+00
1.125e+01 	 4.45177e+00
1.150e+01 	 4.32682e+00
1.175e+01 	 4.21638e+00
1.200e+01 	 4.30915e+00
1.225e+01 	 4.15041e+00
1.250e+01 	 4.17449e+00
1.275e+01 	 4.19037e+00
1.300e+01 	 4.10822e+00
1.325e+01 	 4.09175e+00
1.350e+01 	 4.06333e+00
1.375e+01 	 3.94789e+00
1.400e+01 	 3.99563e+00
1.425e+01 	 3.84725e+00
1.450e+01 	 3.86709e+00
1.475e+01 	 3.81922e+00
1.500e+01 	 3.71500e+00
1.525e+01 	 3.69868e+00
1.550e+01 	 3.69893e+00
1.575e+01 	 3.57857e+00
1.600e+01 	 3.61721e+00
1.625e+01 	 3.61380e+00
1.650e+01 	 3.31392e+00
1.675e+01 	 4.59468e+00
1.700e+01 	 1.69726e+00
1.725e+01 	 3.98397e+01
1.750e+01 	 6.61871e+01
1.775e+01 	 9.77880e+00
1.800e+01 	 2.45427e+00
1.825e+01 	 3.25544e+00
1.850e+01 	 2.93704e+00
1.875e+01 	 2.89411e+00
1.900e+01 	 3.11935e+00
1.925e+01 	 3.10158e+00
1.950e+01 	 1.36934e+01
1.975e+01 	 1.13441e+01
2.000e+01 	 3.78940e+00
2.025e+01 	 2.56284e+00
2.050e+01 	 2.01947e+00
2.075e+01 	 2.08417e+00
2.100e+01 	 2.08343e+00
2.125e+01 	 2.04183e+00
2.150e+01 	 1.96784e+00
2.175e+01 	 2.01030e+00
2.200e+01 	 2.04743e+00
2.225e+01 	 1.96902e+00
2.250e+01 	 1.91436e+00
2.275e+01 	 1.84979e+00
2.300e+01 	 1.82520e+00
2.325e+01 	 1.81395e+00
2.350e+01 	 1.74512e+00
2.375e+01 	 1.75981e+00
2.400e+01 	 1.72179e+00
2.425e+01 	 1.67112e+00
2.450e+01 	 1.65682e+00
2.475e+01 	 1.68957e+00
2.500e+01 	 1.56938e+00
2.525e+01 	 1.62779e+00
2.550e+01 	 1.52748e+00
2.575e+01 	 1.51963e+00
2.600e+01 	 1.46743e+00
2.625e+01 	 1.49635e+00
2.650e+01 	 1.39697e+00
2.675e+01 	 1.42194e+00
2.700e+01 	 1.36331e+00
2.725e+01 	 1.37074e+00
2.750e+01 	 1.35237e+00
2.775e+01 	 1.26076e+00
2.800e+01 	 1.29076e+00
2.825e+01 	 1.23242e+00
2.850e+01 	 1.24862e+00
2.875e+01 	 1.15916e+00
2.900e+01 	 1.18409e+00
2.925e+01 	 1.13554e+00
2.950e+01 	 1.09919e+00
2.975e+01 	 1.11825e+00
3.000e+01 	 1.06264e+00
3.025e+01 	 1.04614e+00
3.050e+01 	 9.96742e-01
3.075e+01 	 1.02200e+00
3.100e+01 	 9.33418e-01
3.125e+01 	 9.85910e-01
3.150e+01 	 9.01594e-01
3.175e+01 	 9.14097e-01
3.200e+01 	 8.84856e-01
3.225e+01 	 8.72100e-01
3.250e+01 	 8.30722e-01
3.275e+01 	 8.24538e-01
3.300e+01 	 7.77754e-01
3.325e+01 	 7.84298e-01
3.350e+01 	 7.49600e-01
3.375e+01 	 7.26664e-01
3.400e+01 	 7.31420e-01
3.425e+01 	 6.75765e-01
3.450e+01 	 7.01166e-01
3.475e+01 	 6.29962e-01
3.500e+01 	 6.50685e-01
3.525e+01 	 6.20113e-01
3.550e+01 	 5.94398e-01
3.575e+01 	 5.49641e-01
3.600e+01 	 5.56594e-01
3.625e+01 	 5.53233e-01
3.650e+01 	 5.20430e-01
3.675e+01 	 4.88260e-01
3.700e+01 	 4.90870e-01
3.725e+01 	 4.59728e-01
3.750e+01 	 4.47846e-01
3.775e+01 	 4.13715e-01
3.800e+01 	 4.13702e-01
3.825e+01 	 3.90596e-01
3.850e+01 	 3.45350e-01
3.875e+01 	 3.58362e-01
3.900e+01 	 3.19349e-01
3.925e+01 	 3.10961e-01
3.950e+01 	 2.83420e-01
3.975e+01 	 2.80065e-01
4.000e+01 	 2.45211e-01
4.025e+01 	 2.38683e-01
4.050e+01 	 2.15611e-01
4.075e+01 	 2.06299e-01
4.100e+01 	 1.69822e-01
4.125e+01 	 1.73551e-01
4.150e+01 	 1.30135e-01
4.175e+01 	 1.29773e-01
4.200e+01 	 1.06200e-01
4.225e+01 	 7.90195e-02
4.250e+01 	 6.81806e-02
4.275e+01 	 3.63632e-02
4.300e+01 	 1.61639e-02
4.325e+01 	 3.60219e-03
4.350e+01 	 1.34077e-03
4.375e+01 	 1.90108e-03
4.400e+01 	 7.28846e-04
4.425e+01 	 1.91811e-03
4.450e+01 	 1.38649e-03
4.475e+01 	 1.34064e-03
4.500e+01 	 1.96844e-03
