# 18.11.2020
# 
# unfiltered x-ray spectrum
# measured at: PTB, Braunschweig
# anode: molybdenum
# tube voltage: 50 kV
# anode angle: 26°
# inherent filtration: 1 mm Be
# measured in air at 100 cm distance from the focus
# bin width: 0.25 keV
# 
# energy 	 fluence
# (top of bin) 	 (normalised to total fluence and bin width)
# [keV] 	 [photons keV^-1 cm^-2]
2.500e-01 	 0.00000e+00
5.000e-01 	 0.00000e+00
7.500e-01 	 0.00000e+00
1.000e+00 	 0.00000e+00
1.250e+00 	 0.00000e+00
1.500e+00 	 0.00000e+00
1.750e+00 	 0.00000e+00
2.000e+00 	 0.00000e+00
2.250e+00 	 0.00000e+00
2.500e+00 	 0.00000e+00
2.750e+00 	 0.00000e+00
3.000e+00 	 0.00000e+00
3.250e+00 	 0.00000e+00
3.500e+00 	 0.00000e+00
3.750e+00 	 0.00000e+00
4.000e+00 	 0.00000e+00
4.250e+00 	 4.32519e-11
4.500e+00 	 1.51804e-09
4.750e+00 	 1.16706e-05
5.000e+00 	 1.39871e-02
5.250e+00 	 6.93670e-02
5.500e+00 	 1.09636e-01
5.750e+00 	 1.97948e-01
6.000e+00 	 2.65170e-01
6.250e+00 	 6.70146e-01
6.500e+00 	 1.24815e+00
6.750e+00 	 9.75838e-01
7.000e+00 	 7.45150e-01
7.250e+00 	 2.32235e+00
7.500e+00 	 3.72200e+00
7.750e+00 	 2.61985e-08
8.000e+00 	 3.86029e-01
8.250e+00 	 2.29201e+00
8.500e+00 	 2.03430e+00
8.750e+00 	 2.45501e+00
9.000e+00 	 2.47738e+00
9.250e+00 	 2.62373e+00
9.500e+00 	 3.10274e+00
9.750e+00 	 3.16106e+00
1.000e+01 	 2.76228e+00
1.025e+01 	 3.11809e+00
1.050e+01 	 3.13299e+00
1.075e+01 	 3.32284e+00
1.100e+01 	 3.35992e+00
1.125e+01 	 3.79549e+00
1.150e+01 	 3.65260e+00
1.175e+01 	 3.69871e+00
1.200e+01 	 3.66590e+00
1.225e+01 	 3.59800e+00
1.250e+01 	 3.67420e+00
1.275e+01 	 3.61976e+00
1.300e+01 	 3.58766e+00
1.325e+01 	 3.56232e+00
1.350e+01 	 3.50465e+00
1.375e+01 	 3.56185e+00
1.400e+01 	 3.42003e+00
1.425e+01 	 3.41823e+00
1.450e+01 	 3.43682e+00
1.475e+01 	 3.39223e+00
1.500e+01 	 3.26785e+00
1.525e+01 	 3.35601e+00
1.550e+01 	 3.23826e+00
1.575e+01 	 3.29728e+00
1.600e+01 	 3.12859e+00
1.625e+01 	 3.44489e+00
1.650e+01 	 2.87854e+00
1.675e+01 	 4.50206e+00
1.700e+01 	 1.03546e+00
1.725e+01 	 4.29313e+01
1.750e+01 	 7.20545e+01
1.775e+01 	 1.07528e+01
1.800e+01 	 2.11947e+00
1.825e+01 	 3.02311e+00
1.850e+01 	 2.70501e+00
1.875e+01 	 2.67483e+00
1.900e+01 	 2.94688e+00
1.925e+01 	 2.81453e+00
1.950e+01 	 1.45615e+01
1.975e+01 	 1.21056e+01
2.000e+01 	 3.71318e+00
2.025e+01 	 2.45521e+00
2.050e+01 	 1.77150e+00
2.075e+01 	 1.88607e+00
2.100e+01 	 1.85263e+00
2.125e+01 	 1.81674e+00
2.150e+01 	 1.87566e+00
2.175e+01 	 1.80013e+00
2.200e+01 	 1.85139e+00
2.225e+01 	 1.85274e+00
2.250e+01 	 1.72242e+00
2.275e+01 	 1.71222e+00
2.300e+01 	 1.71723e+00
2.325e+01 	 1.66995e+00
2.350e+01 	 1.64437e+00
2.375e+01 	 1.63682e+00
2.400e+01 	 1.63532e+00
2.425e+01 	 1.58162e+00
2.450e+01 	 1.56647e+00
2.475e+01 	 1.57303e+00
2.500e+01 	 1.53874e+00
2.525e+01 	 1.51609e+00
2.550e+01 	 1.46703e+00
2.575e+01 	 1.43795e+00
2.600e+01 	 1.42327e+00
2.625e+01 	 1.41027e+00
2.650e+01 	 1.37045e+00
2.675e+01 	 1.36723e+00
2.700e+01 	 1.36012e+00
2.725e+01 	 1.29482e+00
2.750e+01 	 1.31264e+00
2.775e+01 	 1.27945e+00
2.800e+01 	 1.27715e+00
2.825e+01 	 1.23853e+00
2.850e+01 	 1.22151e+00
2.875e+01 	 1.18126e+00
2.900e+01 	 1.18607e+00
2.925e+01 	 1.17413e+00
2.950e+01 	 1.11255e+00
2.975e+01 	 1.14499e+00
3.000e+01 	 1.08300e+00
3.025e+01 	 1.11633e+00
3.050e+01 	 1.04546e+00
3.075e+01 	 1.05996e+00
3.100e+01 	 1.01028e+00
3.125e+01 	 1.01405e+00
3.150e+01 	 9.89241e-01
3.175e+01 	 9.79004e-01
3.200e+01 	 9.82399e-01
3.225e+01 	 9.19385e-01
3.250e+01 	 9.01857e-01
3.275e+01 	 9.30578e-01
3.300e+01 	 8.76046e-01
3.325e+01 	 8.79810e-01
3.350e+01 	 8.61511e-01
3.375e+01 	 8.45223e-01
3.400e+01 	 8.45844e-01
3.425e+01 	 8.07503e-01
3.450e+01 	 7.95539e-01
3.475e+01 	 7.63341e-01
3.500e+01 	 7.72779e-01
3.525e+01 	 7.57593e-01
3.550e+01 	 7.18370e-01
3.575e+01 	 7.22725e-01
3.600e+01 	 6.89439e-01
3.625e+01 	 6.96128e-01
3.650e+01 	 6.64263e-01
3.675e+01 	 6.68213e-01
3.700e+01 	 6.40008e-01
3.725e+01 	 6.41100e-01
3.750e+01 	 6.10684e-01
3.775e+01 	 6.14809e-01
3.800e+01 	 5.77529e-01
3.825e+01 	 5.77604e-01
3.850e+01 	 5.66041e-01
3.875e+01 	 5.34684e-01
3.900e+01 	 5.22551e-01
3.925e+01 	 5.43406e-01
3.950e+01 	 5.13787e-01
3.975e+01 	 5.03506e-01
4.000e+01 	 4.72077e-01
4.025e+01 	 4.72622e-01
4.050e+01 	 4.49186e-01
4.075e+01 	 4.69452e-01
4.100e+01 	 4.26013e-01
4.125e+01 	 4.38552e-01
4.150e+01 	 3.81134e-01
4.175e+01 	 4.18506e-01
4.200e+01 	 3.69448e-01
4.225e+01 	 3.88752e-01
4.250e+01 	 3.55686e-01
4.275e+01 	 3.55497e-01
4.300e+01 	 3.27166e-01
4.325e+01 	 3.20055e-01
4.350e+01 	 3.25934e-01
4.375e+01 	 2.95164e-01
4.400e+01 	 2.93048e-01
4.425e+01 	 2.94007e-01
4.450e+01 	 2.62615e-01
4.475e+01 	 2.45387e-01
4.500e+01 	 2.49451e-01
4.525e+01 	 2.28010e-01
4.550e+01 	 2.23260e-01
4.575e+01 	 2.21967e-01
4.600e+01 	 1.83541e-01
4.625e+01 	 1.98310e-01
4.650e+01 	 1.71695e-01
4.675e+01 	 1.62648e-01
4.700e+01 	 1.52831e-01
4.725e+01 	 1.52729e-01
4.750e+01 	 1.20918e-01
4.775e+01 	 1.31235e-01
4.800e+01 	 1.07641e-01
4.825e+01 	 1.02388e-01
4.850e+01 	 8.14817e-02
4.875e+01 	 7.71011e-02
4.900e+01 	 6.28897e-02
4.925e+01 	 5.27911e-02
4.950e+01 	 3.33606e-02
4.975e+01 	 2.53990e-02
5.000e+01 	 8.65342e-03
5.025e+01 	 1.63747e-03
5.050e+01 	 3.76972e-04
5.075e+01 	 1.64121e-03
5.100e+01 	 1.88757e-12
5.125e+01 	 2.12532e-03
