# 18.11.2020
# 
# unfiltered x-ray spectrum
# measured at: PTB, Braunschweig
# anode: molybdenum
# tube voltage: 42 kV
# anode angle: 26°
# inherent filtration: 1 mm Be
# measured in air at 100 cm distance from the focus
# bin width: 0.25 keV
# 
# energy 	 fluence
# (top of bin) 	 (normalised to total fluence and bin width)
# [keV] 	 [photons keV^-1 cm^-2]
2.500e-01 	 0.00000e+00
5.000e-01 	 0.00000e+00
7.500e-01 	 0.00000e+00
1.000e+00 	 0.00000e+00
1.250e+00 	 0.00000e+00
1.500e+00 	 0.00000e+00
1.750e+00 	 0.00000e+00
2.000e+00 	 0.00000e+00
2.250e+00 	 0.00000e+00
2.500e+00 	 0.00000e+00
2.750e+00 	 0.00000e+00
3.000e+00 	 0.00000e+00
3.250e+00 	 0.00000e+00
3.500e+00 	 0.00000e+00
3.750e+00 	 0.00000e+00
4.000e+00 	 0.00000e+00
4.250e+00 	 1.60312e-03
4.500e+00 	 1.20850e-03
4.750e+00 	 1.28371e-02
5.000e+00 	 7.88554e-02
5.250e+00 	 8.99502e-02
5.500e+00 	 1.81247e-01
5.750e+00 	 2.93175e-01
6.000e+00 	 3.99844e-01
6.250e+00 	 8.04928e-01
6.500e+00 	 1.41076e+00
6.750e+00 	 1.15226e+00
7.000e+00 	 1.19466e+00
7.250e+00 	 2.31701e+00
7.500e+00 	 4.29500e+00
7.750e+00 	 9.46922e-04
8.000e+00 	 1.34055e+00
8.250e+00 	 2.69323e+00
8.500e+00 	 2.63749e+00
8.750e+00 	 3.01447e+00
9.000e+00 	 3.11994e+00
9.250e+00 	 3.23705e+00
9.500e+00 	 3.73217e+00
9.750e+00 	 3.82366e+00
1.000e+01 	 3.48159e+00
1.025e+01 	 3.79311e+00
1.050e+01 	 3.80781e+00
1.075e+01 	 4.01297e+00
1.100e+01 	 4.01809e+00
1.125e+01 	 4.57029e+00
1.150e+01 	 4.38592e+00
1.175e+01 	 4.39302e+00
1.200e+01 	 4.34345e+00
1.225e+01 	 4.32494e+00
1.250e+01 	 4.23069e+00
1.275e+01 	 4.31091e+00
1.300e+01 	 4.19465e+00
1.325e+01 	 4.15839e+00
1.350e+01 	 4.12997e+00
1.375e+01 	 4.08916e+00
1.400e+01 	 4.02874e+00
1.425e+01 	 4.01212e+00
1.450e+01 	 3.95450e+00
1.475e+01 	 3.82553e+00
1.500e+01 	 3.82354e+00
1.525e+01 	 3.77778e+00
1.550e+01 	 3.68249e+00
1.575e+01 	 3.70964e+00
1.600e+01 	 3.58606e+00
1.625e+01 	 3.75702e+00
1.650e+01 	 3.29812e+00
1.675e+01 	 4.64140e+00
1.700e+01 	 1.82333e+00
1.725e+01 	 3.91106e+01
1.750e+01 	 6.53023e+01
1.775e+01 	 9.64187e+00
1.800e+01 	 2.50074e+00
1.825e+01 	 3.35484e+00
1.850e+01 	 2.95508e+00
1.875e+01 	 2.96778e+00
1.900e+01 	 3.13432e+00
1.925e+01 	 3.11060e+00
1.950e+01 	 1.35654e+01
1.975e+01 	 1.12025e+01
2.000e+01 	 3.75846e+00
2.025e+01 	 2.62897e+00
2.050e+01 	 2.05899e+00
2.075e+01 	 2.14403e+00
2.100e+01 	 2.07833e+00
2.125e+01 	 2.07717e+00
2.150e+01 	 2.03187e+00
2.175e+01 	 2.03896e+00
2.200e+01 	 2.03827e+00
2.225e+01 	 2.01379e+00
2.250e+01 	 1.92092e+00
2.275e+01 	 1.88364e+00
2.300e+01 	 1.84743e+00
2.325e+01 	 1.82843e+00
2.350e+01 	 1.82141e+00
2.375e+01 	 1.74382e+00
2.400e+01 	 1.73755e+00
2.425e+01 	 1.72181e+00
2.450e+01 	 1.68357e+00
2.475e+01 	 1.63467e+00
2.500e+01 	 1.60611e+00
2.525e+01 	 1.60647e+00
2.550e+01 	 1.55935e+00
2.575e+01 	 1.49770e+00
2.600e+01 	 1.48556e+00
2.625e+01 	 1.46887e+00
2.650e+01 	 1.41538e+00
2.675e+01 	 1.42233e+00
2.700e+01 	 1.34985e+00
2.725e+01 	 1.37932e+00
2.750e+01 	 1.30217e+00
2.775e+01 	 1.29377e+00
2.800e+01 	 1.25721e+00
2.825e+01 	 1.25243e+00
2.850e+01 	 1.19553e+00
2.875e+01 	 1.18630e+00
2.900e+01 	 1.17562e+00
2.925e+01 	 1.11048e+00
2.950e+01 	 1.10846e+00
2.975e+01 	 1.08037e+00
3.000e+01 	 1.04348e+00
3.025e+01 	 1.03686e+00
3.050e+01 	 9.98806e-01
3.075e+01 	 1.00760e+00
3.100e+01 	 9.46478e-01
3.125e+01 	 9.47787e-01
3.150e+01 	 9.08548e-01
3.175e+01 	 8.62128e-01
3.200e+01 	 8.84803e-01
3.225e+01 	 8.38261e-01
3.250e+01 	 8.02268e-01
3.275e+01 	 8.00804e-01
3.300e+01 	 7.53309e-01
3.325e+01 	 7.41571e-01
3.350e+01 	 7.36345e-01
3.375e+01 	 6.75930e-01
3.400e+01 	 7.01888e-01
3.425e+01 	 6.44188e-01
3.450e+01 	 6.42433e-01
3.475e+01 	 6.03122e-01
3.500e+01 	 6.25306e-01
3.525e+01 	 5.65484e-01
3.550e+01 	 5.67086e-01
3.575e+01 	 5.42305e-01
3.600e+01 	 5.03605e-01
3.625e+01 	 5.07434e-01
3.650e+01 	 4.65704e-01
3.675e+01 	 4.65348e-01
3.700e+01 	 4.30440e-01
3.725e+01 	 4.11536e-01
3.750e+01 	 3.99272e-01
3.775e+01 	 3.64683e-01
3.800e+01 	 3.42734e-01
3.825e+01 	 3.40361e-01
3.850e+01 	 3.04722e-01
3.875e+01 	 2.95580e-01
3.900e+01 	 2.84611e-01
3.925e+01 	 2.59149e-01
3.950e+01 	 2.27401e-01
3.975e+01 	 2.17879e-01
4.000e+01 	 1.99144e-01
4.025e+01 	 1.76899e-01
4.050e+01 	 1.56032e-01
4.075e+01 	 1.34436e-01
4.100e+01 	 1.18285e-01
4.125e+01 	 8.46291e-02
4.150e+01 	 8.02012e-02
4.175e+01 	 3.33078e-02
4.200e+01 	 1.60454e-02
4.225e+01 	 2.47573e-03
4.250e+01 	 1.62275e-03
4.275e+01 	 2.55507e-03
4.300e+01 	 2.15174e-03
4.325e+01 	 1.65820e-03
4.350e+01 	 2.27896e-03
4.375e+01 	 1.17556e-03
4.400e+01 	 5.03943e-04
