# 18.11.2020
# 
# unfiltered x-ray spectrum
# measured at: PTB, Braunschweig
# anode: tungsten
# tube voltage: 41 kV
# anode angle: 30°
# inherent filtration: 4 mm Be
# measured in air at 100 cm distance from the focus
# bin width: 0.25 keV
# 
# energy 	 fluence
# (top of bin) 	 (normalised to total fluence and bin width)
# [keV] 	 [photons keV^-1 cm^-2]
2.500e-01 	 0.00000e+00
5.000e-01 	 0.00000e+00
7.500e-01 	 0.00000e+00
1.000e+00 	 0.00000e+00
1.250e+00 	 0.00000e+00
1.500e+00 	 0.00000e+00
1.750e+00 	 0.00000e+00
2.000e+00 	 0.00000e+00
2.250e+00 	 0.00000e+00
2.500e+00 	 0.00000e+00
2.750e+00 	 0.00000e+00
3.000e+00 	 0.00000e+00
3.250e+00 	 0.00000e+00
3.500e+00 	 0.00000e+00
3.750e+00 	 0.00000e+00
4.000e+00 	 0.00000e+00
4.250e+00 	 1.18931e-01
4.500e+00 	 6.19585e-02
4.750e+00 	 8.42701e-02
5.000e+00 	 7.06123e-02
5.250e+00 	 8.73715e-02
5.500e+00 	 1.08363e-01
5.750e+00 	 1.31285e-01
6.000e+00 	 1.95461e-01
6.250e+00 	 3.25942e-01
6.500e+00 	 4.39359e-01
6.750e+00 	 5.31360e-01
7.000e+00 	 6.77765e-01
7.250e+00 	 1.00314e+00
7.500e+00 	 1.20562e+00
7.750e+00 	 1.71281e+00
8.000e+00 	 2.66862e+00
8.250e+00 	 1.43327e+01
8.500e+00 	 1.59372e+01
8.750e+00 	 2.74894e+00
9.000e+00 	 3.28110e+00
9.250e+00 	 3.31897e+00
9.500e+00 	 1.50468e+01
9.750e+00 	 2.43207e+01
1.000e+01 	 1.36979e+01
1.025e+01 	 4.70116e+00
1.050e+01 	 2.69728e+00
1.075e+01 	 3.07176e+00
1.100e+01 	 3.81330e+00
1.125e+01 	 7.85591e+00
1.150e+01 	 6.36920e+00
1.175e+01 	 4.41918e+00
1.200e+01 	 3.65622e+00
1.225e+01 	 3.23325e+00
1.250e+01 	 3.24057e+00
1.275e+01 	 3.32188e+00
1.300e+01 	 3.41805e+00
1.325e+01 	 3.43445e+00
1.350e+01 	 3.47356e+00
1.375e+01 	 3.58996e+00
1.400e+01 	 3.55065e+00
1.425e+01 	 3.62616e+00
1.450e+01 	 3.67819e+00
1.475e+01 	 3.67429e+00
1.500e+01 	 3.72620e+00
1.525e+01 	 3.73482e+00
1.550e+01 	 3.74121e+00
1.575e+01 	 3.72953e+00
1.600e+01 	 3.75673e+00
1.625e+01 	 3.73456e+00
1.650e+01 	 3.75473e+00
1.675e+01 	 3.71756e+00
1.700e+01 	 3.71974e+00
1.725e+01 	 3.70836e+00
1.750e+01 	 3.68455e+00
1.775e+01 	 3.67572e+00
1.800e+01 	 3.66037e+00
1.825e+01 	 3.60337e+00
1.850e+01 	 3.61107e+00
1.875e+01 	 3.56991e+00
1.900e+01 	 3.53531e+00
1.925e+01 	 3.52068e+00
1.950e+01 	 3.48378e+00
1.975e+01 	 3.45591e+00
2.000e+01 	 3.39515e+00
2.025e+01 	 3.40518e+00
2.050e+01 	 3.35836e+00
2.075e+01 	 3.29999e+00
2.100e+01 	 3.28529e+00
2.125e+01 	 3.25523e+00
2.150e+01 	 3.19168e+00
2.175e+01 	 3.19096e+00
2.200e+01 	 3.18034e+00
2.225e+01 	 3.11434e+00
2.250e+01 	 3.03229e+00
2.275e+01 	 3.04548e+00
2.300e+01 	 2.89760e+00
2.325e+01 	 2.97745e+00
2.350e+01 	 2.82868e+00
2.375e+01 	 2.90677e+00
2.400e+01 	 2.76874e+00
2.425e+01 	 2.79694e+00
2.450e+01 	 2.69830e+00
2.475e+01 	 2.74694e+00
2.500e+01 	 2.61796e+00
2.525e+01 	 2.63150e+00
2.550e+01 	 2.54643e+00
2.575e+01 	 2.51070e+00
2.600e+01 	 2.47399e+00
2.625e+01 	 2.40516e+00
2.650e+01 	 2.41518e+00
2.675e+01 	 2.33706e+00
2.700e+01 	 2.33403e+00
2.725e+01 	 2.24652e+00
2.750e+01 	 2.23783e+00
2.775e+01 	 2.17005e+00
2.800e+01 	 2.18163e+00
2.825e+01 	 2.08282e+00
2.850e+01 	 2.08758e+00
2.875e+01 	 2.01949e+00
2.900e+01 	 2.00508e+00
2.925e+01 	 1.89745e+00
2.950e+01 	 1.93474e+00
2.975e+01 	 1.86497e+00
3.000e+01 	 1.81671e+00
3.025e+01 	 1.78691e+00
3.050e+01 	 1.74431e+00
3.075e+01 	 1.69024e+00
3.100e+01 	 1.66973e+00
3.125e+01 	 1.62363e+00
3.150e+01 	 1.59525e+00
3.175e+01 	 1.53652e+00
3.200e+01 	 1.50741e+00
3.225e+01 	 1.47600e+00
3.250e+01 	 1.44417e+00
3.275e+01 	 1.37862e+00
3.300e+01 	 1.37213e+00
3.325e+01 	 1.30344e+00
3.350e+01 	 1.29881e+00
3.375e+01 	 1.21224e+00
3.400e+01 	 1.23810e+00
3.425e+01 	 1.13220e+00
3.450e+01 	 1.14585e+00
3.475e+01 	 1.08418e+00
3.500e+01 	 1.05181e+00
3.525e+01 	 1.02406e+00
3.550e+01 	 9.77191e-01
3.575e+01 	 9.29194e-01
3.600e+01 	 9.08953e-01
3.625e+01 	 8.60360e-01
3.650e+01 	 8.30881e-01
3.675e+01 	 7.78890e-01
3.700e+01 	 7.41909e-01
3.725e+01 	 7.28418e-01
3.750e+01 	 6.50036e-01
3.775e+01 	 6.44910e-01
3.800e+01 	 5.90476e-01
3.825e+01 	 5.42577e-01
3.850e+01 	 5.30749e-01
3.875e+01 	 4.70201e-01
3.900e+01 	 4.27494e-01
3.925e+01 	 3.97350e-01
3.950e+01 	 3.36680e-01
3.975e+01 	 3.16581e-01
4.000e+01 	 2.41144e-01
4.025e+01 	 2.21547e-01
4.050e+01 	 1.43174e-01
4.075e+01 	 9.39818e-02
4.100e+01 	 2.83880e-02
4.125e+01 	 7.78284e-03
4.150e+01 	 4.76837e-03
4.175e+01 	 4.48774e-03
4.200e+01 	 2.99433e-03
4.225e+01 	 4.96546e-03
4.250e+01 	 3.70681e-03
4.275e+01 	 5.04787e-03
4.300e+01 	 3.08054e-03
4.325e+01 	 5.20436e-03
4.350e+01 	 2.20487e-03
