# 18.11.2020
# 
# unfiltered x-ray spectrum
# measured at: PTB, Braunschweig
# anode: tungsten
# tube voltage: 44 kV
# anode angle: 30°
# inherent filtration: 4 mm Be
# measured in air at 100 cm distance from the focus
# bin width: 0.25 keV
# 
# energy 	 fluence
# (top of bin) 	 (normalised to total fluence and bin width)
# [keV] 	 [photons keV^-1 cm^-2]
2.500e-01 	 0.00000e+00
5.000e-01 	 0.00000e+00
7.500e-01 	 0.00000e+00
1.000e+00 	 0.00000e+00
1.250e+00 	 0.00000e+00
1.500e+00 	 0.00000e+00
1.750e+00 	 0.00000e+00
2.000e+00 	 0.00000e+00
2.250e+00 	 0.00000e+00
2.500e+00 	 0.00000e+00
2.750e+00 	 0.00000e+00
3.000e+00 	 0.00000e+00
3.250e+00 	 0.00000e+00
3.500e+00 	 0.00000e+00
3.750e+00 	 0.00000e+00
4.000e+00 	 0.00000e+00
4.250e+00 	 7.66131e-02
4.500e+00 	 7.26760e-02
4.750e+00 	 6.42519e-02
5.000e+00 	 3.27642e-02
5.250e+00 	 9.06142e-02
5.500e+00 	 8.20043e-02
5.750e+00 	 1.27561e-01
6.000e+00 	 1.69936e-01
6.250e+00 	 3.02113e-01
6.500e+00 	 3.88529e-01
6.750e+00 	 4.97638e-01
7.000e+00 	 6.28949e-01
7.250e+00 	 9.45617e-01
7.500e+00 	 1.15445e+00
7.750e+00 	 1.73381e+00
8.000e+00 	 2.87484e+00
8.250e+00 	 1.31321e+01
8.500e+00 	 1.50610e+01
8.750e+00 	 2.83182e+00
9.000e+00 	 3.20387e+00
9.250e+00 	 3.50205e+00
9.500e+00 	 1.42423e+01
9.750e+00 	 2.30601e+01
1.000e+01 	 1.32160e+01
1.025e+01 	 4.61230e+00
1.050e+01 	 2.51171e+00
1.075e+01 	 2.85184e+00
1.100e+01 	 3.61518e+00
1.125e+01 	 7.33148e+00
1.150e+01 	 5.98965e+00
1.175e+01 	 4.18495e+00
1.200e+01 	 3.37812e+00
1.225e+01 	 3.04343e+00
1.250e+01 	 2.95875e+00
1.275e+01 	 3.08389e+00
1.300e+01 	 3.17922e+00
1.325e+01 	 3.16124e+00
1.350e+01 	 3.28548e+00
1.375e+01 	 3.28646e+00
1.400e+01 	 3.34185e+00
1.425e+01 	 3.40331e+00
1.450e+01 	 3.41388e+00
1.475e+01 	 3.45618e+00
1.500e+01 	 3.47598e+00
1.525e+01 	 3.53055e+00
1.550e+01 	 3.52698e+00
1.575e+01 	 3.52838e+00
1.600e+01 	 3.52404e+00
1.625e+01 	 3.55465e+00
1.650e+01 	 3.54173e+00
1.675e+01 	 3.53436e+00
1.700e+01 	 3.54180e+00
1.725e+01 	 3.50836e+00
1.750e+01 	 3.54731e+00
1.775e+01 	 3.51004e+00
1.800e+01 	 3.48096e+00
1.825e+01 	 3.47099e+00
1.850e+01 	 3.46671e+00
1.875e+01 	 3.41191e+00
1.900e+01 	 3.42858e+00
1.925e+01 	 3.37371e+00
1.950e+01 	 3.37646e+00
1.975e+01 	 3.35052e+00
2.000e+01 	 3.27597e+00
2.025e+01 	 3.28062e+00
2.050e+01 	 3.24769e+00
2.075e+01 	 3.21253e+00
2.100e+01 	 3.19147e+00
2.125e+01 	 3.16296e+00
2.150e+01 	 3.12715e+00
2.175e+01 	 3.10242e+00
2.200e+01 	 3.09906e+00
2.225e+01 	 3.05916e+00
2.250e+01 	 2.99375e+00
2.275e+01 	 2.95685e+00
2.300e+01 	 2.89962e+00
2.325e+01 	 2.88493e+00
2.350e+01 	 2.84558e+00
2.375e+01 	 2.82277e+00
2.400e+01 	 2.76550e+00
2.425e+01 	 2.74485e+00
2.450e+01 	 2.70005e+00
2.475e+01 	 2.66101e+00
2.500e+01 	 2.67325e+00
2.525e+01 	 2.60086e+00
2.550e+01 	 2.54918e+00
2.575e+01 	 2.52904e+00
2.600e+01 	 2.48782e+00
2.625e+01 	 2.45164e+00
2.650e+01 	 2.41330e+00
2.675e+01 	 2.38381e+00
2.700e+01 	 2.34366e+00
2.725e+01 	 2.32247e+00
2.750e+01 	 2.27161e+00
2.775e+01 	 2.22394e+00
2.800e+01 	 2.18736e+00
2.825e+01 	 2.18574e+00
2.850e+01 	 2.10952e+00
2.875e+01 	 2.09399e+00
2.900e+01 	 2.07342e+00
2.925e+01 	 2.00930e+00
2.950e+01 	 1.99736e+00
2.975e+01 	 1.93486e+00
3.000e+01 	 1.92723e+00
3.025e+01 	 1.86824e+00
3.050e+01 	 1.89016e+00
3.075e+01 	 1.79762e+00
3.100e+01 	 1.78986e+00
3.125e+01 	 1.72743e+00
3.150e+01 	 1.71738e+00
3.175e+01 	 1.68288e+00
3.200e+01 	 1.63021e+00
3.225e+01 	 1.63370e+00
3.250e+01 	 1.56115e+00
3.275e+01 	 1.54444e+00
3.300e+01 	 1.51668e+00
3.325e+01 	 1.48334e+00
3.350e+01 	 1.44479e+00
3.375e+01 	 1.39117e+00
3.400e+01 	 1.38132e+00
3.425e+01 	 1.33692e+00
3.450e+01 	 1.32003e+00
3.475e+01 	 1.28818e+00
3.500e+01 	 1.26138e+00
3.525e+01 	 1.22016e+00
3.550e+01 	 1.17343e+00
3.575e+01 	 1.16349e+00
3.600e+01 	 1.11944e+00
3.625e+01 	 1.09985e+00
3.650e+01 	 1.05116e+00
3.675e+01 	 1.04861e+00
3.700e+01 	 9.84222e-01
3.725e+01 	 9.59650e-01
3.750e+01 	 9.35833e-01
3.775e+01 	 9.14617e-01
3.800e+01 	 8.62051e-01
3.825e+01 	 8.34073e-01
3.850e+01 	 8.07263e-01
3.875e+01 	 7.73375e-01
3.900e+01 	 7.34338e-01
3.925e+01 	 7.17591e-01
3.950e+01 	 6.77443e-01
3.975e+01 	 6.46778e-01
4.000e+01 	 6.21722e-01
4.025e+01 	 5.84497e-01
4.050e+01 	 5.59132e-01
4.075e+01 	 5.24182e-01
4.100e+01 	 4.86579e-01
4.125e+01 	 4.62219e-01
4.150e+01 	 4.21040e-01
4.175e+01 	 3.95892e-01
4.200e+01 	 3.59883e-01
4.225e+01 	 3.17199e-01
4.250e+01 	 2.89288e-01
4.275e+01 	 2.43814e-01
4.300e+01 	 2.16148e-01
4.325e+01 	 1.66562e-01
4.350e+01 	 1.29594e-01
4.375e+01 	 7.44876e-02
4.400e+01 	 2.88707e-02
4.425e+01 	 7.39892e-03
4.450e+01 	 7.55007e-03
4.475e+01 	 6.00270e-03
4.500e+01 	 6.46570e-03
4.525e+01 	 5.83104e-03
4.550e+01 	 6.39389e-03
4.575e+01 	 5.17288e-03
4.600e+01 	 5.35748e-03
4.625e+01 	 5.03464e-03
4.650e+01 	 5.62568e-03
